Икры стоя носки вместе 60, 60, 60, 60, 60, 60, 60, 60 15, 15, 15, 15, 15, 15, 15, 15 
Икры стоя носки врозь 60, 60, 60, 60, 60, 60, 60, 60 15, 15, 15, 15, 15, 15, 15, 15 
Приседания со штангой 45, 45, 45, 45, 45, 45, 45, 45 15, 15, 15, 15, 15, 15, 15, 15 
Разгибание ног сидя 25, 25, 25, 25, 25, 25, 25, 25 15, 15, 15, 15, 15, 15, 15, 15 
Сгибания ног лёжа 25, 25, 25, 25, 25, 25, 25, 25 15, 15, 15, 15, 15, 15, 15, 15 
Суперсет: разгибания ног + сгибания ног 25, 25, 25, 25, 25 10, 10, 10, 10, 10 
Жим штанги стоя 25, 25, 25, 25, 25, 25, 25, 25 15, 15, 15, 15, 15, 15, 15, 15 
Тяга штанги в наклоне 35, 35, 35, 35, 35, 35, 35, 35, 35, 35 15, 15, 15, 15, 15, 15, 15, 15, 15, 15 
Жим гантелей стоя 8, 8, 8, 8, 8, 8, 8, 8 15, 15, 15, 15, 15, 15, 15, 15 
Тяга штанги к подбородку 25, 25, 25, 25, 25, 25 15, 15, 15, 15, 15, 15 
Суперсет: маxи гантелей через стороны 5, 5, 5, 5, 5, 5, 5, 5, 5 8, 8, 8, 8, 8, 8, 8, 8, 8 
Жим штанги широким xватом 45, 45, 45, 45, 45, 45, 45, 45 15, 15, 15, 15, 15, 15, 15, 15 
Жим гантелей на наклонной скамье 10, 10, 10, 10, 10, 10 15, 15, 15, 15, 15, 15 Через 15 секунд отдыха
Суперсет: жим гантелей на наклонной скамье 10, 10, 10, 10 15, 15, 15, 15 Через 15 секунд отдыха
Подъем штанги на бицепс 25, 25, 25, 25, 25, 25 15, 15, 15, 15, 15, 15 Через 15 секунд отдыха
Французский жим штанги из-за головы 15, 15, 15, 15, 15, 15 15, 15, 15, 15, 15, 15 Через 15 секунд отдыха
Пулловер 10, 10, 10, 10, 10, 10 15, 15, 15, 15, 15, 15 Через 15 секунд отдыха
Суперсет: подъем штанги на бицепс + французский жим штанги 15, 15, 15, 15, 15 10, 10, 10, 10, 10 Через 15 секунд отдыха
Жим стоя штанги 25, 30, 35, 40, 40, 40 12, 10, 8, 6, 6, 6 
Тяга штанги к подбородку 30, 40, 50, 60 12, 10, 8, 6 
Махи гантелей через стороны 10, 10, 10, 10 12, 10, 10, 10 
Махи гантелей через стороны в наклоне 10, 10, 10, 10 12, 10, 10, 10 
Суперсет: маxи гантелей через стороны 8, 8, 8, 8, 8, 8, 8, 8, 8 8, 8, 8, 8, 8, 8, 8, 8, 8 
Жим штанги широким xватом 40, 50, 60, 70, 75, 80, 85 12, 12, 10, 8, 6, 4, 2 
Жим гантелей на наклонной скамье 18, 18, 18, 18 12, 12, 12, 12 
Разводка гантелей на наклонной скамье 10, 10, 10, 10 12, 12, 12, 12 Через 15 секунд отдыха
Жим гантелей на наклонной скамье 10, 10, 10, 10, 10, 10 8, 8, 8, 8, 8, 8 Через 15 секунд отдыха
Подъем штанги на бицепс 25, 30, 35, 40, 45 12, 10, 8, 6, 3 
Жим штанги узким хватом 35, 45, 55, 65 12, 10, 10, 8 
Молотковые сгибания гантель 18, 18, 18, 18 12, 10, 10, 10 
Французский жим штанги из-за головы 25, 25, 25, 25 10, 10, 10, 10 
Пулловер 15, 15, 15, 15 10, 10, 10, 10 
Суперсет: подъем штанги на бицепс + французский жим штанги 25, 25, 25, 25, 25 8, 8, 8, 8, 8 
Икры стоя носки вместе 55, 65, 75, 85, 95, 100 15, 14, 13, 12, 11, 10 
Икры стоя носки врозь 55, 65, 75, 85, 95, 100 15, 14, 13, 12, 11, 10 
Приседания со штангой 35, 45, 55, 65, 75, 85, 95 12, 10, 10, 10, 8, 6, 2 
Разгибания ног сидя 45, 45, 45, 45 15, 14, 13, 12 
Мертвая тяга штанги 55, 65, 75, 85, 95, 100 12, 10, 8, 7, 6, 5 
Сгибания ног лёжа 35, 35, 35, 35 15, 14, 13, 12 Через 15 секунд отдыха
Суперсет: разгибания ног сидя 25, 25, 25, 25, 25, 25 8, 8, 8, 8, 8, 8 Через 15 секунд отдыха
Жим штанги стоя 25, 25, 30, 40, 45, 50 12, 12, 10, 8, 6, 3 
Тяга штанги в наклоне 35, 55, 65, 70, 75 12, 10, 8, 6, 6 
Тяга гантели одной рукой 30, 30, 30, 30 15, 12, 10, 10 
Тяга штанги в наклоне 55, 65, 70, 50, 50, 50, 50, 50, 50 8, 6, 6, 8, 8, 8, 8, 8, 8 
